timestamp_iso,session_id,player,final_score,duration_sec,os
2025-11-12T17:21:4601186,6b23b860-9c49-4ccb-a9c2-a353c59c3c95,Mandy,79,142.2,Windows 10
2025-11-11T13:22:12.162745,850e0fe4-107c-4545-ae4e-8cdb7a701da9,isbll,69,131.52,Windows 10
2025-11-12T19:08:0258834,f21ca758-b040-4805-bb51-c828345d6a69,Mandy,68,129.68,Windows 10
2025-11-12T18:53:24.990619,f21ca758-b040-4805-bb51-c828345d6a69,Mandy,68,129.93,Windows 10
2025-11-12T19:05:47.834251,f21ca758-b040-4805-bb51-c828345d6a69,Mandy,68,130.79,Windows 10
2025-11-10T18:09:2738246,bd48d25e-f49a-4cdf-b5d3-9f921f3acb9a,caio,67,128.77,Windows 10
2025-11-10T18:26:51.474905,cd39e1fa-c6ff-45eb-9ebe-80b7d4d85be1,gnauQ,66,127.45,Windows 10
2025-11-10T17:42:48.957044,ca8d4949-b951-4713-858e-b4743c94180c,test,66,128.17,Windows 10
2025-11-12T19:52:47.712255,576b5062-cfcf-4c1f-a025-2d8652692092,Brewin,62,122.23,Windows 10
2025-11-10T17:38:11.891397,e7b21c0d-0536-4dd3-af0d-16ed770ce275,An,61,121.33,Windows 10
2025-11-13T16:36:56.696754,885c12e6-9da5-4023-b01e-8c696362c5d7,isbll,58,116.65,Windows 10
2025-11-10T18:23:32.508856,35fd0a80-a5f2-4146-824e-5d6b08060828,Max_Ferchland,53,110.2,Windows 10
2025-11-10T18:35:58.152930,ba9f5071-b1e0-4930-962e-cc4c5fb4ec50,gnauQ,52,109.63,Windows 10
2025-11-12T13:51:39.579429,9527ecae-8309-4700-ac68-ec4784c7fa48,isbll,51,105.59,Windows 10
2025-11-12T19:34:44.624970,f21ca758-b040-4805-bb51-c828345d6a69,Mandy,50,105.73,Windows 10
2025-11-12T18:40:04.245183,f21ca758-b040-4805-bb51-c828345d6a69,Mandy,50,1074,Windows 10
2025-11-10T18:49:27.381370,35fd0a80-a5f2-4146-824e-5d6b08060828,Max_Ferchland,49,1037,Windows 10
2025-11-10T18:11:23.739065,4343afba-0635-4419-b96f-78284287efc6,username,49,104.26,Windows 10
2025-11-11T23:22:57.378758,199de846-05a0-4168-83d0-056b1902c9bf,paola,49,104.61,Windows 10
2025-11-11T22:53:02.972939,15eee1a5-45dc-4b3b-8fd4-07085946b12b,isbll,48,103.14,Windows 10
2025-11-12T19:50:44.624184,576b5062-cfcf-4c1f-a025-2d8652692092,Brewin,48,103.18,Windows 10
2025-11-12T19:18:58.148113,576b5062-cfcf-4c1f-a025-2d8652692092,Brewin,48,103.38,Windows 10
2025-11-10T16:58:05.142484,b7f694c8-8feb-4f88-a86c-8642c246f508,Mandy,47,100.31,Windows 10
2025-11-10T18:43:10.420804,35fd0a80-a5f2-4146-824e-5d6b08060828,Max_Ferchland,47,100.32,Windows 10
2025-11-13T11:36:53.768172,8d08d8be-6ad2-4fd6-b4ae-f541d001072b,test,47,100.8,Windows 10
2025-11-12T18:49:25.979647,f21ca758-b040-4805-bb51-c828345d6a69,Mandy,47,100.93,Windows 10
2025-11-10T17:35:53.575819,4343afba-0635-4419-b96f-78284287efc6,username,47,1018,Windows 10
2025-11-12T19:10:43.677523,f21ca758-b040-4805-bb51-c828345d6a69,Mandy,47,1021,Windows 10
2025-11-10T18:25:18.787360,e542e120-a852-4036-9cb7-c1c7313828e9,caio,46,100.38,Windows 10
2025-11-10T17:35:35.542170,a3b9beef-0c26-4f1c-b837-44a3c5d15e70,mille,46,97.54,Windows 10
2025-11-10T17:43:08.259643,bdf5ff55-113f-4a97-a23d-38ba71b6ce27,Max_Ferchland,46,98.46,Windows 10
2025-11-10T18:08:53.277168,ff52b282-2552-49b4-b2e0-5af2f50b5b08,aje,46,991,Windows 10
2025-11-11T23:04:58.358693,2427c3c5-a33f-453d-9ed1-ee39220908ff,isbll,46,99.23,Windows 10
2025-11-13T11:43:37.777539,8d08d8be-6ad2-4fd6-b4ae-f541d001072b,test,46,99.25,Windows 10
2025-11-11T17:56:10.950099,6109b90d-2e9c-4bdf-a2a7-f753ad6f5aa7,isbll,46,99.54,Windows 10
2025-11-11T13:30:21.685385,80d2a53a-9de9-478e-90d9-e0dc97001271,isbll,45,98.12,Windows 10
2025-11-10T18:46:21.907750,35fd0a80-a5f2-4146-824e-5d6b08060828,Max_Ferchland,45,98.27,Windows 10
2025-11-10T18:06:06.104620,4343afba-0635-4419-b96f-78284287efc6,username,45,98.41,Windows 10
2025-11-12T14:43:27.311746,5c4788a6-5972-4deb-b54a-cf2c7487bc41,ioannis,44,966,Windows 10
2025-11-10T18:10:08.311533,35fd0a80-a5f2-4146-824e-5d6b08060828,Max_Ferchland,43,93.62,Windows 10
2025-11-11T15:33:02.757167,17b5fa53-81cd-4e88-b275-1378ce493ffc,isbll,43,93.7,Windows 10
2025-11-10T21:49:27.764514,b17e54ec-c9f4-4d71-8006-3a94164507d5,Mandy,43,948,Windows 10
2025-11-11T23:12:45.342859,b3dbe705-eba2-4b0b-bebf-20ddcd7c5c90,isbll,43,94.81,Windows 10
2025-11-10T17:40:31.958693,ca8d4949-b951-4713-858e-b4743c94180c,test,43,95,Windows 10
2025-11-10T22:05:2576445,f103f2bf-07f4-4998-945a-54934af08b7f,isbll,43,955,Windows 10
2025-11-11T14:49:06.780291,6e5765b3-825d-40ae-adc2-39a7774ba50b,isbll,43,95.35,Windows 10
2025-11-10T18:19:29.521264,e542e120-a852-4036-9cb7-c1c7313828e9,caio,42,924,Windows 10
2025-11-10T18:13:15.274476,bd48d25e-f49a-4cdf-b5d3-9f921f3acb9a,caio,42,92.18,Windows 10
2025-11-10T22:09:53.631884,807b725a-31eb-463a-af98-216fb05db3ed,isbll,42,92.25,Windows 10
2025-11-12T19:13:56.644172,f21ca758-b040-4805-bb51-c828345d6a69,Mandy,42,92.57,Windows 10
2025-11-12T19:41:09.374716,576b5062-cfcf-4c1f-a025-2d8652692092,Brewin,42,92.69,Windows 10
2025-11-10T16:56:23.224311,b7f694c8-8feb-4f88-a86c-8642c246f508,Mandy,42,92.71,Windows 10
2025-11-11T23:19:26.828166,199de846-05a0-4168-83d0-056b1902c9bf,paola,42,92.73,Windows 10
2025-11-10T18:39:44.781548,35fd0a80-a5f2-4146-824e-5d6b08060828,Max_Ferchland,42,93.16,Windows 10
2025-11-10T18:24:2562684,4343afba-0635-4419-b96f-78284287efc6,username,42,93.23,Windows 10
2025-11-10T18:20:24.812953,35fd0a80-a5f2-4146-824e-5d6b08060828,Max_Ferchland,41,90.47,Windows 10
2025-11-10T17:54:01.117980,b6dffcfd-735b-41d7-b009-fea2fc493060,MAx,41,90.62,Windows 10
2025-11-10T18:28:55.154847,0cced348-f144-4ad7-8f01-0e1a0f5a3d38,An,41,91.2,Windows 10
2025-11-10T17:43:43.480470,84a79687-dd9c-411c-8ecc-cab67cd357b6,Marlon,41,91.28,Windows 10
2025-11-11T17:53:29.204032,6109b90d-2e9c-4bdf-a2a7-f753ad6f5aa7,isbll,40,88.23,Windows 10
2025-11-10T18:51:0555616,35fd0a80-a5f2-4146-824e-5d6b08060828,Max_Ferchland,40,88.8,Windows 10
2025-11-10T18:12:04.706230,ff52b282-2552-49b4-b2e0-5af2f50b5b08,aje,40,88.9,Windows 10
2025-11-12T17:22:26.621163,20fe798c-9b86-4ace-95da-a6ad69ec08d6,majolie,40,895,Windows 10
2025-11-12T23:11:17.708055,6c204d79-a002-4514-9200-f629b26fee21,isbll,40,89.3,Windows 10
2025-11-10T17:58:03.558720,affe2b91-bf58-4347-b2d7-021b975f39d0,gnauQ,40,89.34,Windows 10
2025-11-10T18:37:39.434644,acc710e6-f621-46c5-8d17-878643a5e24e,An,40,89.44,Windows 10
2025-11-10T18:27:18.513248,0cced348-f144-4ad7-8f01-0e1a0f5a3d38,An,40,89.59,Windows 10
2025-11-10T18:08:29.887974,35fd0a80-a5f2-4146-824e-5d6b08060828,Max_Ferchland,40,89.62,Windows 10
2025-11-10T18:37:13.155761,35fd0a80-a5f2-4146-824e-5d6b08060828,Max_Ferchland,40,89.69,Windows 10
2025-11-10T18:22:35.290244,e542e120-a852-4036-9cb7-c1c7313828e9,caio,40,89.96,Windows 10
2025-11-10T17:42:51.112261,a3b9beef-0c26-4f1c-b837-44a3c5d15e70,mille,39,85.87,Windows 10
2025-11-10T18:34:43.622468,acc710e6-f621-46c5-8d17-878643a5e24e,An,39,861,Windows 10
2025-11-11T15:42:59.886466,7a659183-2b67-406f-b737-441d725807d9,isbll,39,87.49,Windows 10
2025-11-10T18:35:20.792268,e542e120-a852-4036-9cb7-c1c7313828e9,caio,39,87.88,Windows 10
2025-11-12T18:58:31.179959,f21ca758-b040-4805-bb51-c828345d6a69,Mandy,39,87.99,Windows 10
2025-11-10T17:24:32.870965,4343afba-0635-4419-b96f-78284287efc6,username,39,88.22,Windows 10
2025-11-10T18:18:49.970876,35fd0a80-a5f2-4146-824e-5d6b08060828,Max_Ferchland,39,88.32,Windows 10
2025-11-10T18:15:39.565068,35fd0a80-a5f2-4146-824e-5d6b08060828,Max_Ferchland,39,88.52,Windows 10
2025-11-12T17:23:43.852127,6b23b860-9c49-4ccb-a9c2-a353c59c3c95,Mandy,38,84.81,Windows 10
2025-11-10T18:10:32.815303,ff52b282-2552-49b4-b2e0-5af2f50b5b08,aje,38,856,Windows 10
2025-11-13T11:33:0424181,8d08d8be-6ad2-4fd6-b4ae-f541d001072b,test,38,859,Windows 10
2025-11-10T18:44:38.885080,35fd0a80-a5f2-4146-824e-5d6b08060828,Max_Ferchland,38,85.25,Windows 10
2025-11-10T18:03:06.118781,e9d7993f-1981-4cbc-bf78-e7d0dcc0bb8f,Marlon,38,85.49,Windows 10
2025-11-11T13:19:5359397,850e0fe4-107c-4545-ae4e-8cdb7a701da9,isbll,38,85.52,Windows 10
2025-11-12T14:37:16.371354,5c4788a6-5972-4deb-b54a-cf2c7487bc41,ioannis,38,85.64,Windows 10
2025-11-10T17:54:32.163713,0cced348-f144-4ad7-8f01-0e1a0f5a3d38,An,38,85.95,Windows 10
2025-11-12T17:19:42.971053,20fe798c-9b86-4ace-95da-a6ad69ec08d6,majolie,38,85.95,Windows 10
2025-11-10T17:40:58.408225,affe2b91-bf58-4347-b2d7-021b975f39d0,gnauQ,38,862,Windows 10
2025-11-11T23:38:09.977799,199de846-05a0-4168-83d0-056b1902c9bf,paola,38,86.12,Windows 10
2025-11-10T18:23:05.368021,a3b9beef-0c26-4f1c-b837-44a3c5d15e70,mille,38,86.17,Windows 10
2025-11-11T23:35:37.116049,199de846-05a0-4168-83d0-056b1902c9bf,paola,38,86.18,Windows 10
2025-11-12T19:17:01.155480,576b5062-cfcf-4c1f-a025-2d8652692092,Brewin,38,86.41,Windows 10
2025-11-12T17:17:38.175553,c7dc5aca-cc52-4ff4-8223-7046b75b5480,Mandy,37,836,Windows 10
2025-11-12T18:57:01.916460,f21ca758-b040-4805-bb51-c828345d6a69,Mandy,37,83.43,Windows 10
2025-11-10T18:25:14.577194,35fd0a80-a5f2-4146-824e-5d6b08060828,Max_Ferchland,37,83.55,Windows 10
2025-11-10T18:07:12.896611,ff52b282-2552-49b4-b2e0-5af2f50b5b08,aje,37,83.61,Windows 10
2025-11-12T18:55:19.602030,f21ca758-b040-4805-bb51-c828345d6a69,Mandy,37,83.7,Windows 10
2025-11-11T17:57:35.750671,6109b90d-2e9c-4bdf-a2a7-f753ad6f5aa7,isbll,37,83.81,Windows 10
2025-11-10T18:41:15.593097,35fd0a80-a5f2-4146-824e-5d6b08060828,Max_Ferchland,37,83.84,Windows 10
2025-11-10T17:44:14.682923,affe2b91-bf58-4347-b2d7-021b975f39d0,gnauQ,37,83.85,Windows 10
2025-11-10T17:55:26.583807,b6dffcfd-735b-41d7-b009-fea2fc493060,MAx,37,83.89,Windows 10
2025-11-10T18:41:58.145298,a3b9beef-0c26-4f1c-b837-44a3c5d15e70,mille,37,841,Windows 10
2025-11-10T18:18:55.907339,cd39e1fa-c6ff-45eb-9ebe-80b7d4d85be1,gnauQ,37,844,Windows 10
2025-11-12T23:09:45.771671,6c204d79-a002-4514-9200-f629b26fee21,isbll,37,84.19,Windows 10
2025-11-12T11:43:04.167335,9c11f6b1-fc53-4118-b6eb-b66688e51a6a,isbll,37,84.21,Windows 10
2025-11-11T23:29:45.871355,199de846-05a0-4168-83d0-056b1902c9bf,paola,37,84.37,Windows 10
2025-11-10T17:37:31.127397,ca8d4949-b951-4713-858e-b4743c94180c,test,37,84.42,Windows 10
2025-11-10T18:04:29.830209,0cced348-f144-4ad7-8f01-0e1a0f5a3d38,An,37,855,Windows 10
2025-11-10T18:53:5378131,35fd0a80-a5f2-4146-824e-5d6b08060828,Max_Ferchland,36,818,Windows 10
2025-11-10T22:11:1726752,807b725a-31eb-463a-af98-216fb05db3ed,isbll,36,819,Windows 10
2025-11-11T22:51:09.400123,15eee1a5-45dc-4b3b-8fd4-07085946b12b,isbll,36,81.39,Windows 10
2025-11-10T18:18:45.785197,0cced348-f144-4ad7-8f01-0e1a0f5a3d38,An,36,81.55,Windows 10
2025-11-12T19:12:22.750423,f21ca758-b040-4805-bb51-c828345d6a69,Mandy,36,81.61,Windows 10
2025-11-10T17:42:26.359607,affe2b91-bf58-4347-b2d7-021b975f39d0,gnauQ,36,81.9,Windows 10
2025-11-10T17:22:0212892,4343afba-0635-4419-b96f-78284287efc6,username,36,81.97,Windows 10
2025-11-10T17:57:18.361204,bdf5ff55-113f-4a97-a23d-38ba71b6ce27,Max_Ferchland,36,81.99,Windows 10
2025-11-10T17:32:13.904181,ca8d4949-b951-4713-858e-b4743c94180c,test,36,826,Windows 10
2025-11-10T18:30:16.704049,4343afba-0635-4419-b96f-78284287efc6,username,36,82.33,Windows 10
2025-11-10T17:54:54.845625,a3b9beef-0c26-4f1c-b837-44a3c5d15e70,mille,36,82.49,Windows 10
2025-11-11T23:09:39.163539,b3dbe705-eba2-4b0b-bebf-20ddcd7c5c90,isbll,36,82.51,Windows 10
2025-11-10T18:14:3550860,4343afba-0635-4419-b96f-78284287efc6,username,36,82.54,Windows 10
2025-11-12T19:02:34.367466,f21ca758-b040-4805-bb51-c828345d6a69,Mandy,35,804,Windows 10
2025-11-12T19:01:1351865,f21ca758-b040-4805-bb51-c828345d6a69,Mandy,35,80.26,Windows 10
2025-11-11T23:11:01.904966,b3dbe705-eba2-4b0b-bebf-20ddcd7c5c90,isbll,35,80.29,Windows 10
2025-11-10T18:20:17.826238,cd39e1fa-c6ff-45eb-9ebe-80b7d4d85be1,gnauQ,35,80.35,Windows 10
2025-11-10T18:22:53.483081,cd39e1fa-c6ff-45eb-9ebe-80b7d4d85be1,gnauQ,35,80.35,Windows 10
2025-11-10T17:32:12.674083,afd4e4d3-8f8c-4878-ac03-3891127bcc2d,An,35,80.45,Windows 10
2025-11-10T18:05:07.149238,e9d7993f-1981-4cbc-bf78-e7d0dcc0bb8f,Marlon,35,80.52,Windows 10
2025-11-10T18:06:06.927997,a3b9beef-0c26-4f1c-b837-44a3c5d15e70,mille,35,80.61,Windows 10
2025-11-10T18:26:5310340,35fd0a80-a5f2-4146-824e-5d6b08060828,Max_Ferchland,35,81.18,Windows 10
2025-11-10T18:15:54.775563,4343afba-0635-4419-b96f-78284287efc6,username,34,77.64,Windows 10
2025-11-10T18:52:25.344343,35fd0a80-a5f2-4146-824e-5d6b08060828,Max_Ferchland,34,781,Windows 10
2025-11-11T18:03:26.790786,a7b41f30-a92f-4a90-9c6d-925976ae4e73,isbll,34,78.1,Windows 10
2025-11-10T17:56:14.573416,a3b9beef-0c26-4f1c-b837-44a3c5d15e70,mille,34,78.2,Windows 10
2025-11-11T23:50:58.643529,199de846-05a0-4168-83d0-056b1902c9bf,paola,34,78.33,Windows 10
2025-11-10T18:33:35.817149,ba9f5071-b1e0-4930-962e-cc4c5fb4ec50,gnauQ,34,78.54,Windows 10
2025-11-10T17:24:42.791084,bdc2c0ef-4a30-4973-9195-454bb2860520,name,34,78.67,Windows 10
2025-11-13T11:51:21.884235,46d1b334-18fb-40bd-bf4e-a0c2227d9a7b,afjdskl,34,78.67,Windows 10
2025-11-10T18:22:30.815441,4343afba-0635-4419-b96f-78284287efc6,username,34,78.89,Windows 10
2025-11-12T17:54:03.616444,20fe798c-9b86-4ace-95da-a6ad69ec08d6,majolie,34,79.12,Windows 10
2025-11-10T18:29:43.442195,ba9f5071-b1e0-4930-962e-cc4c5fb4ec50,gnauQ,33,75.38,Windows 10
2025-11-11T13:18:25.672877,850e0fe4-107c-4545-ae4e-8cdb7a701da9,isbll,33,75.78,Windows 10
2025-11-11T13:23:58.535629,850e0fe4-107c-4545-ae4e-8cdb7a701da9,isbll,33,75.83,Windows 10
2025-11-11T15:41:30.303314,7a659183-2b67-406f-b737-441d725807d9,isbll,33,75.92,Windows 10
2025-11-10T17:56:31.797438,affe2b91-bf58-4347-b2d7-021b975f39d0,gnauQ,33,76.14,Windows 10
2025-11-10T18:29:23.101735,a3b9beef-0c26-4f1c-b837-44a3c5d15e70,mille,33,76.16,Windows 10
2025-11-13T11:46:59.231418,8d08d8be-6ad2-4fd6-b4ae-f541d001072b,test,33,76.47,Windows 10
2025-11-10T17:35:52.978650,ca8d4949-b951-4713-858e-b4743c94180c,test,33,76.62,Windows 10
2025-11-10T17:57:07.505122,0cced348-f144-4ad7-8f01-0e1a0f5a3d38,An,33,76.66,Windows 10
2025-11-12T14:41:49.451487,5c4788a6-5972-4deb-b54a-cf2c7487bc41,ioannis,33,775,Windows 10
2025-11-11T23:52:41.227375,199de846-05a0-4168-83d0-056b1902c9bf,paola,33,77.12,Windows 10
2025-11-10T18:07:16.395856,e9d7993f-1981-4cbc-bf78-e7d0dcc0bb8f,Marlon,33,77.2,Windows 10
2025-11-10T17:24:30.220796,db5aa1bc-eacf-4bec-a007-cbbd98c9fdbc,Hybu,32,71.15,Windows 10
2025-11-10T18:25:48.889424,a3b9beef-0c26-4f1c-b837-44a3c5d15e70,mille,32,74.38,Windows 10
2025-11-10T17:38:46.849778,ca8d4949-b951-4713-858e-b4743c94180c,test,32,74.49,Windows 10
2025-11-10T18:18:53.807528,a3b9beef-0c26-4f1c-b837-44a3c5d15e70,mille,32,74.5,Windows 10
2025-11-12T17:35:57.968688,20fe798c-9b86-4ace-95da-a6ad69ec08d6,majolie,32,74.51,Windows 10
2025-11-10T17:53:24.908082,bdf5ff55-113f-4a97-a23d-38ba71b6ce27,Max_Ferchland,32,74.55,Windows 10
2025-11-13T11:41:56.821855,8d08d8be-6ad2-4fd6-b4ae-f541d001072b,test,32,74.57,Windows 10
2025-11-10T18:17:3825911,a3b9beef-0c26-4f1c-b837-44a3c5d15e70,mille,32,74.6,Windows 10
2025-11-11T23:14:55.438218,b3dbe705-eba2-4b0b-bebf-20ddcd7c5c90,isbll,32,74.86,Windows 10
2025-11-12T19:48:36.971968,576b5062-cfcf-4c1f-a025-2d8652692092,Brewin,32,74.94,Windows 10
2025-11-12T12:46:52.615751,f853208f-7d6e-4f72-b865-10fff6fb972b,ioannis,32,75,Windows 10
2025-11-10T17:30:07.389804,4343afba-0635-4419-b96f-78284287efc6,username,32,75,Windows 10
2025-11-12T19:12:08.389720,576b5062-cfcf-4c1f-a025-2d8652692092,Brewin,32,753,Windows 10
2025-11-12T19:39:04.316183,576b5062-cfcf-4c1f-a025-2d8652692092,Brewin,32,75.18,Windows 10
2025-11-10T18:06:5576332,35fd0a80-a5f2-4146-824e-5d6b08060828,Max_Ferchland,32,75.21,Windows 10
2025-11-12T17:25:53.303666,20fe798c-9b86-4ace-95da-a6ad69ec08d6,majolie,32,75.28,Windows 10
2025-11-10T18:09:27.623313,4343afba-0635-4419-b96f-78284287efc6,username,32,75.36,Windows 10
2025-11-13T14:21:5368106,119d2156-3f98-4786-a5a6-42a640090b3e,Thien My,31,71.17,Windows 10
2025-11-10T16:48:5305403,b7f694c8-8feb-4f88-a86c-8642c246f508,Mandy,31,71.73,Windows 10
2025-11-12T18:50:39.164308,f21ca758-b040-4805-bb51-c828345d6a69,Mandy,31,72.12,Windows 10
2025-11-10T17:54:3941750,bdf5ff55-113f-4a97-a23d-38ba71b6ce27,Max_Ferchland,31,72.24,Windows 10
2025-11-12T17:28:50.499222,20fe798c-9b86-4ace-95da-a6ad69ec08d6,majolie,31,72.33,Windows 10
2025-11-10T18:47:40.857844,35fd0a80-a5f2-4146-824e-5d6b08060828,Max_Ferchland,31,72.38,Windows 10
2025-11-10T16:54:49.300183,b7f694c8-8feb-4f88-a86c-8642c246f508,Mandy,31,72.41,Windows 10
2025-11-10T17:33:30.825420,ca8d4949-b951-4713-858e-b4743c94180c,test,31,72.47,Windows 10
2025-11-10T17:55:54.425419,bdf5ff55-113f-4a97-a23d-38ba71b6ce27,Max_Ferchland,31,72.58,Windows 10
2025-11-10T18:11:06.903132,0cced348-f144-4ad7-8f01-0e1a0f5a3d38,An,31,735,Windows 10
2025-11-12T17:27:36.920392,20fe798c-9b86-4ace-95da-a6ad69ec08d6,majolie,31,737,Windows 10
2025-11-10T18:13:22.945246,0cced348-f144-4ad7-8f01-0e1a0f5a3d38,An,31,73.18,Windows 10
2025-11-10T17:29:00.939173,87acfb55-fbf7-46c4-aefb-b89740360e04,name2,31,73.23,Windows 10
2025-11-12T19:13:50.118690,576b5062-cfcf-4c1f-a025-2d8652692092,Brewin,31,73.4,Windows 10
2025-11-11T23:55:54.213213,199de846-05a0-4168-83d0-056b1902c9bf,paola,31,73.45,Windows 10
2025-11-10T17:59:13.576432,affe2b91-bf58-4347-b2d7-021b975f39d0,gnauQ,30,68.55,Windows 10
2025-11-10T17:44:36.723299,bdf5ff55-113f-4a97-a23d-38ba71b6ce27,Max_Ferchland,30,69.61,Windows 10
2025-11-13T11:40:40.678640,8d08d8be-6ad2-4fd6-b4ae-f541d001072b,test,30,70.58,Windows 10
2025-11-12T17:18:5004816,c7dc5aca-cc52-4ff4-8223-7046b75b5480,Mandy,30,70.58,Windows 10
2025-11-12T17:37:35.803038,20fe798c-9b86-4ace-95da-a6ad69ec08d6,majolie,30,70.69,Windows 10
2025-11-10T21:45:50.180623,dcd45e5d-7cdf-4ddb-9010-f35ab75d0fa4,isbll,30,70.73,Windows 10
2025-11-10T18:25:37.659009,4343afba-0635-4419-b96f-78284287efc6,username,30,70.73,Windows 10
2025-11-10T18:40:07.714677,4343afba-0635-4419-b96f-78284287efc6,username,30,70.89,Windows 10
2025-11-10T18:24:17.666543,a3b9beef-0c26-4f1c-b837-44a3c5d15e70,mille,30,70.97,Windows 10
2025-11-10T18:30:2187811,35fd0a80-a5f2-4146-824e-5d6b08060828,Max_Ferchland,30,711,Windows 10
2025-11-10T17:33:31.178120,affe2b91-bf58-4347-b2d7-021b975f39d0,gnauQ,30,714,Windows 10
2025-11-10T17:39:50.298470,a3b9beef-0c26-4f1c-b837-44a3c5d15e70,mille,30,71.56,Windows 10
2025-11-10T17:56:36.469502,b6dffcfd-735b-41d7-b009-fea2fc493060,MAx,29,68.62,Windows 10
2025-11-10T18:17:09.439138,35fd0a80-a5f2-4146-824e-5d6b08060828,Max_Ferchland,29,68.71,Windows 10
2025-11-10T18:31:31.931386,35fd0a80-a5f2-4146-824e-5d6b08060828,Max_Ferchland,29,68.83,Windows 10
2025-11-10T22:12:30.199391,807b725a-31eb-463a-af98-216fb05db3ed,isbll,29,68.91,Windows 10
2025-11-10T18:21:38.334253,35fd0a80-a5f2-4146-824e-5d6b08060828,Max_Ferchland,29,68.97,Windows 10
2025-11-10T18:10:32.515648,3e4c29fc-6b67-4eab-bb4e-0b91f1f16247,Marlon,29,69.3,Windows 10
2025-11-13T11:39:28.975876,8d08d8be-6ad2-4fd6-b4ae-f541d001072b,test,29,69.31,Windows 10
2025-11-11T23:49:33.477427,199de846-05a0-4168-83d0-056b1902c9bf,paola,29,69.36,Windows 10
2025-11-10T17:52:28.756564,b6dffcfd-735b-41d7-b009-fea2fc493060,MAx,29,69.38,Windows 10
2025-11-11T18:01:13.397275,6109b90d-2e9c-4bdf-a2a7-f753ad6f5aa7,isbll,29,69.44,Windows 10
2025-11-10T18:38:58.465511,a3b9beef-0c26-4f1c-b837-44a3c5d15e70,mille,29,69.74,Windows 10
2025-11-12T19:46:5010411,576b5062-cfcf-4c1f-a025-2d8652692092,Brewin,29,69.77,Windows 10
2025-11-10T18:15:46.989650,a3b9beef-0c26-4f1c-b837-44a3c5d15e70,mille,29,70.14,Windows 10
2025-11-11T13:28:4175298,80d2a53a-9de9-478e-90d9-e0dc97001271,isbll,28,65.75,Windows 10
2025-11-10T18:40:41.278280,e542e120-a852-4036-9cb7-c1c7313828e9,caio,28,65.78,Windows 10
2025-11-10T17:33:32.162867,afd4e4d3-8f8c-4878-ac03-3891127bcc2d,An,28,66.12,Windows 10
2025-11-12T17:55:13.855514,20fe798c-9b86-4ace-95da-a6ad69ec08d6,majolie,28,66.12,Windows 10
2025-11-10T17:43:56.426166,ca8d4949-b951-4713-858e-b4743c94180c,test,28,66.26,Windows 10
2025-11-10T18:37:06.299344,ba9f5071-b1e0-4930-962e-cc4c5fb4ec50,gnauQ,28,66.26,Windows 10
2025-11-12T17:20:51.987844,20fe798c-9b86-4ace-95da-a6ad69ec08d6,majolie,28,66.27,Windows 10
2025-11-11T17:58:50.635663,6109b90d-2e9c-4bdf-a2a7-f753ad6f5aa7,isbll,28,66.53,Windows 10
2025-11-10T16:46:10.763812,150d0590-7306-482c-9f7f-02a65fd7596d,Mandy,28,66.59,Windows 10
2025-11-10T17:44:29.363335,e3281d09-a63f-426e-b465-37ec213360a6,An,28,66.76,Windows 10
2025-11-10T17:39:30.422897,affe2b91-bf58-4347-b2d7-021b975f39d0,gnauQ,28,66.81,Windows 10
2025-11-13T13:59:5364647,119d2156-3f98-4786-a5a6-42a640090b3e,Thien My,28,66.99,Windows 10
2025-11-12T19:34:09.993538,576b5062-cfcf-4c1f-a025-2d8652692092,Brewin,28,675,Windows 10
2025-11-11T23:33:35.846849,199de846-05a0-4168-83d0-056b1902c9bf,paola,28,67.13,Windows 10
2025-11-11T18:00:02.230995,6109b90d-2e9c-4bdf-a2a7-f753ad6f5aa7,isbll,28,67.21,Windows 10
2025-11-10T17:52:08.365942,bdf5ff55-113f-4a97-a23d-38ba71b6ce27,Max_Ferchland,28,67.34,Windows 10
2025-11-10T18:07:5654181,a3b9beef-0c26-4f1c-b837-44a3c5d15e70,mille,28,67.38,Windows 10
2025-11-10T18:00:12.200867,e9d7993f-1981-4cbc-bf78-e7d0dcc0bb8f,Marlon,28,67.51,Windows 10
2025-11-10T18:20:25.384208,0cced348-f144-4ad7-8f01-0e1a0f5a3d38,An,27,63.5,Windows 10
2025-11-13T11:34:13.682901,8d08d8be-6ad2-4fd6-b4ae-f541d001072b,test,27,64.63,Windows 10
2025-11-10T18:07:12.314406,0cced348-f144-4ad7-8f01-0e1a0f5a3d38,An,27,64.64,Windows 10
2025-11-10T18:38:53.874973,4343afba-0635-4419-b96f-78284287efc6,username,27,64.67,Windows 10
2025-11-13T11:48:05.507510,8d08d8be-6ad2-4fd6-b4ae-f541d001072b,test,27,64.8,Windows 10
2025-11-12T20:03:25.364738,b1c8a42f-0593-4119-bd77-a407a94c9f59,Aliya,27,64.91,Windows 10
2025-11-10T17:53:16.491597,affe2b91-bf58-4347-b2d7-021b975f39d0,gnauQ,27,64.95,Windows 10
2025-11-10T17:59:15.620592,0cced348-f144-4ad7-8f01-0e1a0f5a3d38,An,27,64.95,Windows 10
2025-11-10T18:24:43.214843,0cced348-f144-4ad7-8f01-0e1a0f5a3d38,An,27,64.95,Windows 10
2025-11-12T17:34:42.302107,20fe798c-9b86-4ace-95da-a6ad69ec08d6,majolie,27,64.98,Windows 10
2025-11-12T17:31:24.814671,20fe798c-9b86-4ace-95da-a6ad69ec08d6,majolie,27,64.99,Windows 10
2025-11-10T18:24:42.871800,cd39e1fa-c6ff-45eb-9ebe-80b7d4d85be1,gnauQ,27,656,Windows 10
2025-11-10T17:07:14.969976,f1ffea65-7a94-4b58-b169-0c08098728c4,Marlon,27,657,Windows 10
2025-11-13T13:58:26.832310,119d2156-3f98-4786-a5a6-42a640090b3e,Thien My,27,65.13,Windows 10
2025-11-12T19:49:20.284354,b1c8a42f-0593-4119-bd77-a407a94c9f59,Aliya,27,65.16,Windows 10
2025-11-10T18:06:58.909689,bd48d25e-f49a-4cdf-b5d3-9f921f3acb9a,caio,27,65.22,Windows 10
2025-11-12T19:31:19.557652,576b5062-cfcf-4c1f-a025-2d8652692092,Brewin,27,65.55,Windows 10
2025-11-10T18:11:10.640218,affe2b91-bf58-4347-b2d7-021b975f39d0,gnauQ,27,65.64,Windows 10
2025-11-10T16:42:20.997471,4e7cdc73-632c-45d4-941c-303deedfc210,Mandy,27,65.69,Windows 10
2025-11-10T18:37:06.561163,4343afba-0635-4419-b96f-78284287efc6,username,27,65.92,Windows 10
2025-11-10T18:23:3728128,0cced348-f144-4ad7-8f01-0e1a0f5a3d38,An,26,61.28,Windows 10
2025-11-10T17:55:13.292497,affe2b91-bf58-4347-b2d7-021b975f39d0,gnauQ,26,62.71,Windows 10
2025-11-12T18:59:36.445886,f21ca758-b040-4805-bb51-c828345d6a69,Mandy,26,62.73,Windows 10
2025-11-10T18:28:05.469896,a3b9beef-0c26-4f1c-b837-44a3c5d15e70,mille,26,62.87,Windows 10
2025-11-12T19:07:0610890,576b5062-cfcf-4c1f-a025-2d8652692092,Brewin,26,62.93,Windows 10
2025-11-13T14:16:17.425832,119d2156-3f98-4786-a5a6-42a640090b3e,Thien My,26,62.93,Windows 10
2025-11-10T17:34:35.225360,ca8d4949-b951-4713-858e-b4743c94180c,test,26,62.99,Windows 10
2025-11-12T17:41:10.648798,20fe798c-9b86-4ace-95da-a6ad69ec08d6,majolie,26,63.13,Windows 10
2025-11-10T18:10:1486826,a3b9beef-0c26-4f1c-b837-44a3c5d15e70,mille,26,63.34,Windows 10
2025-11-12T19:48:14.216014,b1c8a42f-0593-4119-bd77-a407a94c9f59,Aliya,26,63.4,Windows 10
2025-11-10T18:09:06.765085,0cced348-f144-4ad7-8f01-0e1a0f5a3d38,An,26,63.61,Windows 10
2025-11-10T17:53:06.193988,a3b9beef-0c26-4f1c-b837-44a3c5d15e70,mille,25,58.77,Windows 10
2025-11-10T17:20:31.796057,5ff0e75d-4dcb-4eb5-b831-d7387a64a12c,Marlon,25,59.64,Windows 10
2025-11-10T17:30:02.396951,afd4e4d3-8f8c-4878-ac03-3891127bcc2d,An,25,609,Windows 10
2025-11-10T17:19:21.812731,5ff0e75d-4dcb-4eb5-b831-d7387a64a12c,Marlon,25,60.14,Windows 10
2025-11-10T17:34:34.502790,affe2b91-bf58-4347-b2d7-021b975f39d0,gnauQ,25,60.59,Windows 10
2025-11-10T18:35:47.274402,acc710e6-f621-46c5-8d17-878643a5e24e,An,25,60.86,Windows 10
2025-11-11T23:43:54.395445,199de846-05a0-4168-83d0-056b1902c9bf,paola,25,61,Windows 10
2025-11-13T13:57:2102452,119d2156-3f98-4786-a5a6-42a640090b3e,Thien My,25,611,Windows 10
2025-11-12T17:45:55.871685,20fe798c-9b86-4ace-95da-a6ad69ec08d6,majolie,25,615,Windows 10
2025-11-12T19:10:35.360264,576b5062-cfcf-4c1f-a025-2d8652692092,Brewin,25,61.2,Windows 10
2025-11-10T18:05:45.148343,ff52b282-2552-49b4-b2e0-5af2f50b5b08,aje,25,61.31,Windows 10
2025-11-10T18:27:00.866480,a3b9beef-0c26-4f1c-b837-44a3c5d15e70,mille,25,61.66,Windows 10
2025-11-10T18:33:03.491557,35fd0a80-a5f2-4146-824e-5d6b08060828,Max_Ferchland,25,61.91,Windows 10
2025-11-11T23:08:14.657324,b3dbe705-eba2-4b0b-bebf-20ddcd7c5c90,isbll,24,58.21,Windows 10
2025-11-10T18:28:5301747,4343afba-0635-4419-b96f-78284287efc6,username,24,58.28,Windows 10
2025-11-10T18:12:06.146912,0cced348-f144-4ad7-8f01-0e1a0f5a3d38,An,24,58.46,Windows 10
2025-11-10T18:36:20.987473,e542e120-a852-4036-9cb7-c1c7313828e9,caio,24,58.47,Windows 10
2025-11-13T11:45:41.620137,8d08d8be-6ad2-4fd6-b4ae-f541d001072b,test,24,58.62,Windows 10
2025-11-10T17:36:54.454644,4343afba-0635-4419-b96f-78284287efc6,username,24,58.65,Windows 10
2025-11-10T18:13:53.793413,35fd0a80-a5f2-4146-824e-5d6b08060828,Max_Ferchland,24,58.67,Windows 10
2025-11-11T17:54:30.180752,6109b90d-2e9c-4bdf-a2a7-f753ad6f5aa7,isbll,24,58.89,Windows 10
2025-11-13T14:10:4757482,119d2156-3f98-4786-a5a6-42a640090b3e,Thien My,24,591,Windows 10
2025-11-10T17:57:48.969003,a3b9beef-0c26-4f1c-b837-44a3c5d15e70,mille,24,593,Windows 10
2025-11-10T18:09:00.311773,a3b9beef-0c26-4f1c-b837-44a3c5d15e70,mille,24,594,Windows 10
2025-11-11T23:25:50.216041,199de846-05a0-4168-83d0-056b1902c9bf,paola,24,596,Windows 10
2025-11-12T17:43:12.417518,20fe798c-9b86-4ace-95da-a6ad69ec08d6,majolie,24,59.42,Windows 10
2025-11-10T18:10:01.923150,affe2b91-bf58-4347-b2d7-021b975f39d0,gnauQ,24,59.48,Windows 10
2025-11-10T18:28:5093203,e542e120-a852-4036-9cb7-c1c7313828e9,caio,24,59.88,Windows 10
2025-11-12T19:06:00.754173,576b5062-cfcf-4c1f-a025-2d8652692092,Brewin,23,54.55,Windows 10
2025-11-10T17:38:09.847789,92ed1b8a-5c75-4116-a24f-fba365aeb58f,Marlon,23,55.47,Windows 10
2025-11-10T17:19:12.915986,c63e8cd0-2104-4723-8673-968f6ec5900e,An,23,55.73,Windows 10
2025-11-13T14:14:54.201705,119d2156-3f98-4786-a5a6-42a640090b3e,Thien My,23,56.57,Windows 10
2025-11-10T17:31:10.606285,4343afba-0635-4419-b96f-78284287efc6,username,23,56.62,Windows 10
2025-11-13T11:35:11.761087,8d08d8be-6ad2-4fd6-b4ae-f541d001072b,test,23,56.64,Windows 10
2025-11-12T19:42:08.857919,576b5062-cfcf-4c1f-a025-2d8652692092,Brewin,23,56.72,Windows 10
2025-11-10T18:17:23.617692,0cced348-f144-4ad7-8f01-0e1a0f5a3d38,An,23,56.78,Windows 10
2025-11-12T19:03:33.597910,f21ca758-b040-4805-bb51-c828345d6a69,Mandy,23,56.82,Windows 10
2025-11-10T17:58:5015864,a3b9beef-0c26-4f1c-b837-44a3c5d15e70,mille,23,56.88,Windows 10
2025-11-10T17:26:18.525087,4343afba-0635-4419-b96f-78284287efc6,username,23,56.95,Windows 10
2025-11-10T18:26:3633019,4343afba-0635-4419-b96f-78284287efc6,username,23,56.95,Windows 10
2025-11-11T23:40:52.293460,199de846-05a0-4168-83d0-056b1902c9bf,paola,23,56.99,Windows 10
2025-11-10T18:33:1756803,acc710e6-f621-46c5-8d17-878643a5e24e,An,23,573,Windows 10
2025-11-10T18:12:09.250695,affe2b91-bf58-4347-b2d7-021b975f39d0,gnauQ,23,576,Windows 10
2025-11-12T18:47:4453286,f21ca758-b040-4805-bb51-c828345d6a69,Mandy,23,57.31,Windows 10
2025-11-10T17:21:57.983921,bdc2c0ef-4a30-4973-9195-454bb2860520,name,23,57.92,Windows 10
2025-11-13T11:49:55.662294,46d1b334-18fb-40bd-bf4e-a0c2227d9a7b,afjdskl,22,53.18,Windows 10
2025-11-10T17:43:21.636417,e3281d09-a63f-426e-b465-37ec213360a6,An,22,53.21,Windows 10
2025-11-10T17:38:35.997909,a3b9beef-0c26-4f1c-b837-44a3c5d15e70,mille,22,53.66,Windows 10
2025-11-10T18:11:08.748286,35fd0a80-a5f2-4146-824e-5d6b08060828,Max_Ferchland,22,54.1,Windows 10
2025-11-10T18:39:1244590,ba9f5071-b1e0-4930-962e-cc4c5fb4ec50,gnauQ,22,54.39,Windows 10
2025-11-13T14:01:51.991930,119d2156-3f98-4786-a5a6-42a640090b3e,Thien My,22,54.62,Windows 10
2025-11-10T21:47:52.548664,b17e54ec-c9f4-4d71-8006-3a94164507d5,Mandy,22,54.66,Windows 10
2025-11-13T14:20:39.771354,119d2156-3f98-4786-a5a6-42a640090b3e,Thien My,22,54.69,Windows 10
2025-11-12T20:02:15.876380,b1c8a42f-0593-4119-bd77-a407a94c9f59,Aliya,22,54.71,Windows 10
2025-11-13T13:51:56.197994,119d2156-3f98-4786-a5a6-42a640090b3e,Thien My,22,54.92,Windows 10
2025-11-12T19:40:50.392868,88bf22da-ae54-4bcd-9a3a-d47892f1d457,Aliya,22,54.93,Windows 10
2025-11-13T13:52:52.697423,119d2156-3f98-4786-a5a6-42a640090b3e,Thien My,22,55.17,Windows 10
2025-11-10T18:08:53.919497,affe2b91-bf58-4347-b2d7-021b975f39d0,gnauQ,22,55.25,Windows 10
2025-11-10T18:45:15.897697,a3b9beef-0c26-4f1c-b837-44a3c5d15e70,mille,22,55.36,Windows 10
2025-11-12T18:01:20.219326,20fe798c-9b86-4ace-95da-a6ad69ec08d6,majolie,22,55.64,Windows 10
2025-11-11T23:24:49.499827,199de846-05a0-4168-83d0-056b1902c9bf,paola,22,55.68,Windows 10
2025-11-10T17:55:34.111056,0cced348-f144-4ad7-8f01-0e1a0f5a3d38,An,21,50.91,Windows 10
2025-11-12T17:29:43.756709,20fe798c-9b86-4ace-95da-a6ad69ec08d6,majolie,21,51,Windows 10
2025-11-10T18:42:55.685869,a3b9beef-0c26-4f1c-b837-44a3c5d15e70,mille,21,52.28,Windows 10
2025-11-12T14:40:27.236093,5c4788a6-5972-4deb-b54a-cf2c7487bc41,ioannis,21,52.58,Windows 10
2025-11-11T23:32:06.895719,199de846-05a0-4168-83d0-056b1902c9bf,paola,21,52.62,Windows 10
2025-11-10T18:43:49.480959,a3b9beef-0c26-4f1c-b837-44a3c5d15e70,mille,21,52.75,Windows 10
2025-11-10T18:14:31.146819,0cced348-f144-4ad7-8f01-0e1a0f5a3d38,An,21,52.77,Windows 10
2025-11-10T17:42:00.761507,84a79687-dd9c-411c-8ecc-cab67cd357b6,Marlon,21,53.58,Windows 10
2025-11-10T18:30:14.852135,a3b9beef-0c26-4f1c-b837-44a3c5d15e70,mille,20,50.33,Windows 10
2025-11-12T19:56:17.991978,b1c8a42f-0593-4119-bd77-a407a94c9f59,Aliya,20,50.41,Windows 10
2025-11-10T17:54:08.205702,affe2b91-bf58-4347-b2d7-021b975f39d0,gnauQ,20,50.58,Windows 10
2025-11-12T19:37:25.252578,576b5062-cfcf-4c1f-a025-2d8652692092,Brewin,20,50.76,Windows 10
2025-11-10T18:12:48.936560,35fd0a80-a5f2-4146-824e-5d6b08060828,Max_Ferchland,20,50.81,Windows 10
2025-11-10T18:21:37.626846,0cced348-f144-4ad7-8f01-0e1a0f5a3d38,An,20,50.94,Windows 10
2025-11-13T11:44:41.873563,8d08d8be-6ad2-4fd6-b4ae-f541d001072b,test,20,517,Windows 10
2025-11-10T17:27:3691834,87acfb55-fbf7-46c4-aefb-b89740360e04,name2,20,518,Windows 10
2025-11-10T18:32:01.107741,ba9f5071-b1e0-4930-962e-cc4c5fb4ec50,gnauQ,20,518,Windows 10
2025-11-12T19:09:33.772871,576b5062-cfcf-4c1f-a025-2d8652692092,Brewin,20,51.14,Windows 10
2025-11-10T18:16:26.175900,0cced348-f144-4ad7-8f01-0e1a0f5a3d38,An,20,51.14,Windows 10
2025-11-12T14:39:24.554026,5c4788a6-5972-4deb-b54a-cf2c7487bc41,ioannis,20,51.23,Windows 10
2025-11-12T19:19:45.797512,576b5062-cfcf-4c1f-a025-2d8652692092,Brewin,19,46.81,Windows 10
2025-11-10T18:28:58.600779,35fd0a80-a5f2-4146-824e-5d6b08060828,Max_Ferchland,19,474,Windows 10
2025-11-10T18:37:55.932552,e542e120-a852-4036-9cb7-c1c7313828e9,caio,19,48.3,Windows 10
2025-11-10T18:19:43.426853,a3b9beef-0c26-4f1c-b837-44a3c5d15e70,mille,19,48.35,Windows 10
2025-11-13T14:03:40.194088,119d2156-3f98-4786-a5a6-42a640090b3e,Thien My,19,48.92,Windows 10
2025-11-12T18:44:37.759421,f21ca758-b040-4805-bb51-c828345d6a69,Mandy,19,49.2,Windows 10
2025-11-12T19:36:29.496309,576b5062-cfcf-4c1f-a025-2d8652692092,Brewin,18,44.34,Windows 10
2025-11-12T17:57:1516821,20fe798c-9b86-4ace-95da-a6ad69ec08d6,majolie,18,44.35,Windows 10
2025-11-11T23:03:17.139792,2427c3c5-a33f-453d-9ed1-ee39220908ff,isbll,18,45.47,Windows 10
2025-11-11T23:30:56.532869,199de846-05a0-4168-83d0-056b1902c9bf,paola,18,45.47,Windows 10
2025-11-10T18:01:37.785091,e9d7993f-1981-4cbc-bf78-e7d0dcc0bb8f,Marlon,18,45.85,Windows 10
2025-11-10T17:29:51.987091,87acfb55-fbf7-46c4-aefb-b89740360e04,name2,18,45.87,Windows 10
2025-11-12T17:18:15.469303,20fe798c-9b86-4ace-95da-a6ad69ec08d6,majolie,18,45.94,Windows 10
2025-11-13T16:38:03.294250,885c12e6-9da5-4023-b01e-8c696362c5d7,isbll,18,46.24,Windows 10
2025-11-12T19:58:57.323539,b1c8a42f-0593-4119-bd77-a407a94c9f59,Aliya,18,46.29,Windows 10
2025-11-11T23:44:42.381013,199de846-05a0-4168-83d0-056b1902c9bf,paola,18,46.4,Windows 10
2025-11-10T18:17:00.883293,cd39e1fa-c6ff-45eb-9ebe-80b7d4d85be1,gnauQ,18,46.64,Windows 10
2025-11-10T18:06:07.204088,0cced348-f144-4ad7-8f01-0e1a0f5a3d38,An,18,46.89,Windows 10
2025-11-13T14:11:59.542457,119d2156-3f98-4786-a5a6-42a640090b3e,Thien My,18,474,Windows 10
2025-11-10T21:46:56.455526,b17e54ec-c9f4-4d71-8006-3a94164507d5,Mandy,17,41.63,Windows 10
2025-11-12T12:45:34.820479,f853208f-7d6e-4f72-b865-10fff6fb972b,ioannis,17,41.95,Windows 10
2025-11-10T18:40:30.960598,ba9f5071-b1e0-4930-962e-cc4c5fb4ec50,gnauQ,17,42.35,Windows 10
2025-11-12T17:56:04.306450,20fe798c-9b86-4ace-95da-a6ad69ec08d6,majolie,17,42.99,Windows 10
2025-11-13T14:18:48.678143,119d2156-3f98-4786-a5a6-42a640090b3e,Thien My,17,43.58,Windows 10
2025-11-10T17:31:57.815812,4343afba-0635-4419-b96f-78284287efc6,username,17,43.7,Windows 10
2025-11-12T19:38:34.291937,88bf22da-ae54-4bcd-9a3a-d47892f1d457,Aliya,17,43.88,Windows 10
2025-11-10T16:41:11.145018,4e7cdc73-632c-45d4-941c-303deedfc210,Mandy,17,44.19,Windows 10
2025-11-12T17:43:57.802828,20fe798c-9b86-4ace-95da-a6ad69ec08d6,majolie,17,44.26,Windows 10
2025-11-10T18:18:58.596491,4343afba-0635-4419-b96f-78284287efc6,username,17,44.79,Windows 10
2025-11-10T18:05:16.308413,35fd0a80-a5f2-4146-824e-5d6b08060828,Max_Ferchland,16,38.61,Windows 10
2025-11-10T18:11:53.629027,35fd0a80-a5f2-4146-824e-5d6b08060828,Max_Ferchland,16,39.78,Windows 10
2025-11-10T18:17:39.176476,4343afba-0635-4419-b96f-78284287efc6,username,16,405,Windows 10
2025-11-10T18:07:53.381754,0cced348-f144-4ad7-8f01-0e1a0f5a3d38,An,16,40.39,Windows 10
2025-11-10T17:54:40.683870,e9d7993f-1981-4cbc-bf78-e7d0dcc0bb8f,Marlon,16,40.66,Windows 10
2025-11-12T19:47:00.670840,b1c8a42f-0593-4119-bd77-a407a94c9f59,Aliya,16,41.25,Windows 10
2025-11-10T18:28:07.185403,35fd0a80-a5f2-4146-824e-5d6b08060828,Max_Ferchland,16,41.46,Windows 10
2025-11-11T23:20:21.798753,199de846-05a0-4168-83d0-056b1902c9bf,paola,16,41.58,Windows 10
2025-11-12T19:55:26.820957,b1c8a42f-0593-4119-bd77-a407a94c9f59,Aliya,16,41.97,Windows 10
2025-11-10T17:30:47.818193,afd4e4d3-8f8c-4878-ac03-3891127bcc2d,An,16,42.15,Windows 10
2025-11-10T18:20:26.715934,a3b9beef-0c26-4f1c-b837-44a3c5d15e70,mille,16,42.18,Windows 10
2025-11-10T17:37:43.645270,4343afba-0635-4419-b96f-78284287efc6,username,16,42.28,Windows 10
2025-11-10T18:19:44.233039,4343afba-0635-4419-b96f-78284287efc6,username,16,42.32,Windows 10
2025-11-12T19:57:16.283991,b1c8a42f-0593-4119-bd77-a407a94c9f59,Aliya,16,42.36,Windows 10
2025-11-12T19:54:43.852691,b1c8a42f-0593-4119-bd77-a407a94c9f59,Aliya,16,42.39,Windows 10
2025-11-10T17:58:09.458211,0cced348-f144-4ad7-8f01-0e1a0f5a3d38,An,16,42.5,Windows 10
2025-11-12T19:53:20.540854,b1c8a42f-0593-4119-bd77-a407a94c9f59,Aliya,16,42.62,Windows 10
2025-11-10T18:32:13.904970,acc710e6-f621-46c5-8d17-878643a5e24e,An,15,39.13,Windows 10
2025-11-10T18:33:51.645761,e542e120-a852-4036-9cb7-c1c7313828e9,caio,15,39.43,Windows 10
2025-11-10T18:37:47.582631,4343afba-0635-4419-b96f-78284287efc6,username,15,39.57,Windows 10
2025-11-12T17:33:35.987197,20fe798c-9b86-4ace-95da-a6ad69ec08d6,majolie,15,40,Windows 10
2025-11-10T18:15:12.363937,0cced348-f144-4ad7-8f01-0e1a0f5a3d38,An,15,40.1,Windows 10
2025-11-12T19:46:18.471278,b1c8a42f-0593-4119-bd77-a407a94c9f59,Aliya,14,35.7,Windows 10
2025-11-10T18:27:51.514113,4343afba-0635-4419-b96f-78284287efc6,username,14,35.89,Windows 10
2025-11-11T23:36:15.611525,199de846-05a0-4168-83d0-056b1902c9bf,paola,14,37.11,Windows 10
2025-11-13T14:16:56.231731,119d2156-3f98-4786-a5a6-42a640090b3e,Thien My,14,37.45,Windows 10
2025-11-12T18:03:06.190497,20fe798c-9b86-4ace-95da-a6ad69ec08d6,majolie,14,37.46,Windows 10
2025-11-10T17:59:30.543768,a3b9beef-0c26-4f1c-b837-44a3c5d15e70,mille,14,37.74,Windows 10
2025-11-11T23:28:19.778069,199de846-05a0-4168-83d0-056b1902c9bf,paola,14,37.96,Windows 10
2025-11-10T17:33:55.851772,a3b9beef-0c26-4f1c-b837-44a3c5d15e70,mille,13,32.61,Windows 10
2025-11-10T18:39:2426691,e542e120-a852-4036-9cb7-c1c7313828e9,caio,13,33.36,Windows 10
2025-11-10T18:39:47.612831,ba9f5071-b1e0-4930-962e-cc4c5fb4ec50,gnauQ,13,33.58,Windows 10
2025-11-11T23:42:37.513674,199de846-05a0-4168-83d0-056b1902c9bf,paola,13,33.92,Windows 10
2025-11-12T23:34:10.746330,d536f318-0896-49e7-83dc-34a357b9133f,isbll,13,34.53,Windows 10
2025-11-10T17:22:40.483943,4343afba-0635-4419-b96f-78284287efc6,username,13,354,Windows 10
2025-11-12T17:46:49.755344,20fe798c-9b86-4ace-95da-a6ad69ec08d6,majolie,13,35.2,Windows 10
2025-11-13T14:04:16.263015,119d2156-3f98-4786-a5a6-42a640090b3e,Thien My,13,35.37,Windows 10
2025-11-10T18:21:32.183870,cd39e1fa-c6ff-45eb-9ebe-80b7d4d85be1,gnauQ,13,35.38,Windows 10
2025-11-10T18:09:5305933,0cced348-f144-4ad7-8f01-0e1a0f5a3d38,An,13,35.64,Windows 10
2025-11-10T18:41:18.885689,ba9f5071-b1e0-4930-962e-cc4c5fb4ec50,gnauQ,12,31.31,Windows 10
2025-11-10T18:39:46.928944,a3b9beef-0c26-4f1c-b837-44a3c5d15e70,mille,12,31.36,Windows 10
2025-11-13T14:13:12.591138,119d2156-3f98-4786-a5a6-42a640090b3e,Thien My,12,31.87,Windows 10
2025-11-10T17:31:30.464585,affe2b91-bf58-4347-b2d7-021b975f39d0,gnauQ,12,32.62,Windows 10
2025-11-11T23:34:09.813220,199de846-05a0-4168-83d0-056b1902c9bf,paola,12,32.73,Windows 10
2025-11-13T14:17:31.550013,119d2156-3f98-4786-a5a6-42a640090b3e,Thien My,12,32.8,Windows 10
2025-11-13T13:47:03.390755,119d2156-3f98-4786-a5a6-42a640090b3e,Thien My,12,33,Windows 10
2025-11-12T19:07:5570391,576b5062-cfcf-4c1f-a025-2d8652692092,Brewin,12,334,Windows 10
2025-11-10T17:56:58.600370,e9d7993f-1981-4cbc-bf78-e7d0dcc0bb8f,Marlon,12,33.33,Windows 10
2025-11-12T19:24:3788107,576b5062-cfcf-4c1f-a025-2d8652692092,Brewin,12,33.35,Windows 10
2025-11-11T23:27:04.793653,199de846-05a0-4168-83d0-056b1902c9bf,paola,12,33.4,Windows 10
2025-11-12T19:41:31.784293,88bf22da-ae54-4bcd-9a3a-d47892f1d457,Aliya,12,33.49,Windows 10
2025-11-13T14:05:36.650626,119d2156-3f98-4786-a5a6-42a640090b3e,Thien My,12,33.54,Windows 10
2025-11-10T18:31:07.617404,ba9f5071-b1e0-4930-962e-cc4c5fb4ec50,gnauQ,12,33.67,Windows 10
2025-11-12T17:44:53.751423,20fe798c-9b86-4ace-95da-a6ad69ec08d6,majolie,12,33.79,Windows 10
2025-11-10T22:03:47.990278,f103f2bf-07f4-4998-945a-54934af08b7f,isbll,11,28.13,Windows 10
2025-11-10T18:17:30.891879,cd39e1fa-c6ff-45eb-9ebe-80b7d4d85be1,gnauQ,11,28.98,Windows 10
2025-11-12T18:00:23.319414,20fe798c-9b86-4ace-95da-a6ad69ec08d6,majolie,11,29,Windows 10
2025-11-11T23:23:43.711964,199de846-05a0-4168-83d0-056b1902c9bf,paola,11,29.15,Windows 10
2025-11-11T23:47:01.980493,199de846-05a0-4168-83d0-056b1902c9bf,paola,11,29.44,Windows 10
2025-11-11T23:53:31.415480,199de846-05a0-4168-83d0-056b1902c9bf,paola,11,29.69,Windows 10
2025-11-10T17:41:28.230186,bdf5ff55-113f-4a97-a23d-38ba71b6ce27,Max_Ferchland,11,30.2,Windows 10
2025-11-10T18:11:5692899,4343afba-0635-4419-b96f-78284287efc6,username,11,30.69,Windows 10
2025-11-12T18:02:22.870476,20fe798c-9b86-4ace-95da-a6ad69ec08d6,majolie,11,30.77,Windows 10
2025-11-12T19:39:35.701735,576b5062-cfcf-4c1f-a025-2d8652692092,Brewin,11,30.79,Windows 10
2025-11-10T17:55:55.884074,e9d7993f-1981-4cbc-bf78-e7d0dcc0bb8f,Marlon,11,30.85,Windows 10
2025-11-10T18:37:45.445341,ba9f5071-b1e0-4930-962e-cc4c5fb4ec50,gnauQ,11,30.89,Windows 10
2025-11-13T14:06:08.124264,119d2156-3f98-4786-a5a6-42a640090b3e,Thien My,11,30.94,Windows 10
2025-11-13T14:18:03.906066,119d2156-3f98-4786-a5a6-42a640090b3e,Thien My,11,314,Windows 10
2025-11-10T18:08:09.594200,4343afba-0635-4419-b96f-78284287efc6,username,11,31.13,Windows 10
2025-11-12T19:35:30.621433,576b5062-cfcf-4c1f-a025-2d8652692092,Brewin,11,31.2,Windows 10
2025-11-13T14:19:43.976573,119d2156-3f98-4786-a5a6-42a640090b3e,Thien My,11,31.29,Windows 10
2025-11-10T18:37:06.761702,e542e120-a852-4036-9cb7-c1c7313828e9,caio,11,31.36,Windows 10
2025-11-10T17:44:13.632827,84a79687-dd9c-411c-8ecc-cab67cd357b6,Marlon,10,26.13,Windows 10
2025-11-10T18:16:15.760095,a3b9beef-0c26-4f1c-b837-44a3c5d15e70,mille,10,26.23,Windows 10
2025-11-12T17:30:11.423377,20fe798c-9b86-4ace-95da-a6ad69ec08d6,majolie,10,26.47,Windows 10
2025-11-10T17:53:05.591295,0cced348-f144-4ad7-8f01-0e1a0f5a3d38,An,10,27.29,Windows 10
2025-11-12T17:52:43.435042,20fe798c-9b86-4ace-95da-a6ad69ec08d6,majolie,10,27.53,Windows 10
2025-11-12T23:08:16.796788,6c204d79-a002-4514-9200-f629b26fee21,isbll,10,27.66,Windows 10
2025-11-12T17:47:46.147229,20fe798c-9b86-4ace-95da-a6ad69ec08d6,majolie,10,27.67,Windows 10
2025-11-12T17:26:22.568653,20fe798c-9b86-4ace-95da-a6ad69ec08d6,majolie,10,27.98,Windows 10
2025-11-10T18:20:01.293049,e542e120-a852-4036-9cb7-c1c7313828e9,caio,10,28.14,Windows 10
2025-11-13T11:51:51.497333,46d1b334-18fb-40bd-bf4e-a0c2227d9a7b,afjdskl,10,28.26,Windows 10
2025-11-11T23:39:35.531044,199de846-05a0-4168-83d0-056b1902c9bf,paola,10,28.32,Windows 10
2025-11-13T14:06:37.481337,119d2156-3f98-4786-a5a6-42a640090b3e,Thien My,10,28.63,Windows 10
2025-11-10T18:07:17.975529,affe2b91-bf58-4347-b2d7-021b975f39d0,gnauQ,10,28.77,Windows 10
2025-11-10T18:37:47.476309,a3b9beef-0c26-4f1c-b837-44a3c5d15e70,mille,10,28.79,Windows 10
2025-11-12T17:40:06.443109,20fe798c-9b86-4ace-95da-a6ad69ec08d6,majolie,10,28.87,Windows 10
2025-11-12T20:01:19.689157,b1c8a42f-0593-4119-bd77-a407a94c9f59,Aliya,10,28.97,Windows 10
2025-11-11T23:20:47.847798,199de846-05a0-4168-83d0-056b1902c9bf,paola,9,24.15,Windows 10
2025-11-13T14:11:11.933773,119d2156-3f98-4786-a5a6-42a640090b3e,Thien My,9,24.18,Windows 10
2025-11-12T19:47:21.279382,576b5062-cfcf-4c1f-a025-2d8652692092,Brewin,9,24.33,Windows 10
2025-11-12T18:38:05.499744,f21ca758-b040-4805-bb51-c828345d6a69,Mandy,9,24.42,Windows 10
2025-11-10T18:23:01.477384,e542e120-a852-4036-9cb7-c1c7313828e9,caio,9,24.69,Windows 10
2025-11-12T17:59:0086257,20fe798c-9b86-4ace-95da-a6ad69ec08d6,majolie,9,25.76,Windows 10
2025-11-10T17:38:11.372348,4343afba-0635-4419-b96f-78284287efc6,username,9,26.23,Windows 10
2025-11-12T19:49:47.762212,b1c8a42f-0593-4119-bd77-a407a94c9f59,Aliya,9,26.25,Windows 10
2025-11-12T19:34:58.707271,576b5062-cfcf-4c1f-a025-2d8652692092,Brewin,9,26.35,Windows 10
2025-11-11T23:45:42.713705,199de846-05a0-4168-83d0-056b1902c9bf,paola,9,26.43,Windows 10
2025-11-10T17:42:49.381955,affe2b91-bf58-4347-b2d7-021b975f39d0,gnauQ,8,21.65,Windows 10
2025-11-11T23:21:11.244957,199de846-05a0-4168-83d0-056b1902c9bf,paola,8,21.88,Windows 10
2025-11-10T18:31:24.403776,e542e120-a852-4036-9cb7-c1c7313828e9,caio,8,22.25,Windows 10
2025-11-12T14:51:0818063,5c4788a6-5972-4deb-b54a-cf2c7487bc41,ioannis,8,22.62,Windows 10
2025-11-12T14:48:21.910698,5c4788a6-5972-4deb-b54a-cf2c7487bc41,ioannis,8,22.92,Windows 10
2025-11-10T18:07:59.420120,e9d7993f-1981-4cbc-bf78-e7d0dcc0bb8f,Marlon,8,23.19,Windows 10
2025-11-12T14:53:0927930,5c4788a6-5972-4deb-b54a-cf2c7487bc41,ioannis,8,23.28,Windows 10
2025-11-12T19:39:32.695087,88bf22da-ae54-4bcd-9a3a-d47892f1d457,Aliya,8,23.73,Windows 10
2025-11-13T13:50:59.994366,119d2156-3f98-4786-a5a6-42a640090b3e,Thien My,8,23.98,Windows 10
2025-11-12T20:00:43.282082,b1c8a42f-0593-4119-bd77-a407a94c9f59,Aliya,8,24.14,Windows 10
2025-11-11T23:41:46.670423,199de846-05a0-4168-83d0-056b1902c9bf,paola,8,24.31,Windows 10
2025-11-12T20:00:18.316684,b1c8a42f-0593-4119-bd77-a407a94c9f59,Aliya,8,24.41,Windows 10
2025-11-12T19:09:00.732638,f21ca758-b040-4805-bb51-c828345d6a69,Mandy,8,24.43,Windows 10
2025-11-13T14:13:56.219306,119d2156-3f98-4786-a5a6-42a640090b3e,Thien My,8,24.52,Windows 10
2025-11-10T18:20:45.631332,0cced348-f144-4ad7-8f01-0e1a0f5a3d38,An,7,19.53,Windows 10
2025-11-10T18:27:12.519344,4343afba-0635-4419-b96f-78284287efc6,username,7,19.56,Windows 10
2025-11-13T14:12:19.823447,119d2156-3f98-4786-a5a6-42a640090b3e,Thien My,7,19.68,Windows 10
2025-11-12T19:08:15.293957,576b5062-cfcf-4c1f-a025-2d8652692092,Brewin,7,19.81,Windows 10
2025-11-13T14:02:12.549644,119d2156-3f98-4786-a5a6-42a640090b3e,Thien My,7,19.81,Windows 10
2025-11-10T18:32:03.695751,e542e120-a852-4036-9cb7-c1c7313828e9,caio,7,19.97,Windows 10
2025-11-10T18:35:41.165311,35fd0a80-a5f2-4146-824e-5d6b08060828,Max_Ferchland,7,20.65,Windows 10
2025-11-10T18:32:26.877460,e542e120-a852-4036-9cb7-c1c7313828e9,caio,7,20.72,Windows 10
2025-11-10T17:53:33.878670,e9d7993f-1981-4cbc-bf78-e7d0dcc0bb8f,Marlon,7,20.73,Windows 10
2025-11-10T18:32:47.679424,a3b9beef-0c26-4f1c-b837-44a3c5d15e70,mille,7,20.97,Windows 10
2025-11-10T18:30:28.657610,e542e120-a852-4036-9cb7-c1c7313828e9,caio,7,21.27,Windows 10
2025-11-10T18:29:3514401,e542e120-a852-4036-9cb7-c1c7313828e9,caio,7,21.33,Windows 10
2025-11-10T17:53:29.420918,a3b9beef-0c26-4f1c-b837-44a3c5d15e70,mille,7,21.41,Windows 10
2025-11-10T18:15:34.380930,0cced348-f144-4ad7-8f01-0e1a0f5a3d38,An,7,21.43,Windows 10
2025-11-10T18:03:41.630706,e9d7993f-1981-4cbc-bf78-e7d0dcc0bb8f,Marlon,7,21.46,Windows 10
2025-11-13T13:56:05.761451,119d2156-3f98-4786-a5a6-42a640090b3e,Thien My,7,21.56,Windows 10
2025-11-12T19:37:48.303317,576b5062-cfcf-4c1f-a025-2d8652692092,Brewin,7,21.61,Windows 10
2025-11-12T14:52:44.148371,5c4788a6-5972-4deb-b54a-cf2c7487bc41,ioannis,7,21.75,Windows 10
2025-11-11T23:48:22.885707,199de846-05a0-4168-83d0-056b1902c9bf,paola,7,21.78,Windows 10
2025-11-10T18:05:11.525753,0cced348-f144-4ad7-8f01-0e1a0f5a3d38,An,7,21.85,Windows 10
2025-11-10T17:53:58.468513,e9d7993f-1981-4cbc-bf78-e7d0dcc0bb8f,Marlon,7,21.91,Windows 10
2025-11-10T17:43:25.948524,bdf5ff55-113f-4a97-a23d-38ba71b6ce27,Max_Ferchland,6,16.16,Windows 10
2025-11-11T23:18:53.361628,9c11f6b1-fc53-4118-b6eb-b66688e51a6a,isbll,6,16.27,Windows 10
2025-11-10T18:44:19.415940,a3b9beef-0c26-4f1c-b837-44a3c5d15e70,mille,6,16.98,Windows 10
2025-11-12T19:10:52.960362,576b5062-cfcf-4c1f-a025-2d8652692092,Brewin,6,17.28,Windows 10
2025-11-12T17:44:18.770082,20fe798c-9b86-4ace-95da-a6ad69ec08d6,majolie,6,17.35,Windows 10
2025-11-10T18:32:45.857508,e542e120-a852-4036-9cb7-c1c7313828e9,caio,6,17.75,Windows 10
2025-11-13T14:00:54.324123,119d2156-3f98-4786-a5a6-42a640090b3e,Thien My,6,17.79,Windows 10
2025-11-13T16:37:15.959811,885c12e6-9da5-4023-b01e-8c696362c5d7,isbll,6,17.87,Windows 10
2025-11-12T17:32:33.870462,20fe798c-9b86-4ace-95da-a6ad69ec08d6,majolie,6,17.89,Windows 10
2025-11-10T18:20:47.734272,e542e120-a852-4036-9cb7-c1c7313828e9,caio,6,18.15,Windows 10
2025-11-10T18:31:01.634582,e542e120-a852-4036-9cb7-c1c7313828e9,caio,6,18.19,Windows 10
2025-11-12T19:31:56.540633,576b5062-cfcf-4c1f-a025-2d8652692092,Brewin,6,18.72,Windows 10
2025-11-12T17:38:19.897791,20fe798c-9b86-4ace-95da-a6ad69ec08d6,majolie,6,18.73,Windows 10
2025-11-10T18:36:08.693354,acc710e6-f621-46c5-8d17-878643a5e24e,An,6,19.23,Windows 10
2025-11-12T17:41:31.223233,20fe798c-9b86-4ace-95da-a6ad69ec08d6,majolie,6,19.33,Windows 10
2025-11-12T14:47:57.907221,5c4788a6-5972-4deb-b54a-cf2c7487bc41,ioannis,6,19.64,Windows 10
2025-11-12T17:24:26.642244,20fe798c-9b86-4ace-95da-a6ad69ec08d6,majolie,6,19.78,Windows 10
2025-11-12T19:34:25.187921,576b5062-cfcf-4c1f-a025-2d8652692092,Brewin,5,14.44,Windows 10
2025-11-10T18:30:31.232236,ba9f5071-b1e0-4930-962e-cc4c5fb4ec50,gnauQ,5,14.63,Windows 10
2025-11-13T14:00:08.463788,119d2156-3f98-4786-a5a6-42a640090b3e,Thien My,5,14.63,Windows 10
2025-11-10T18:39:14.267524,a3b9beef-0c26-4f1c-b837-44a3c5d15e70,mille,5,14.65,Windows 10
2025-11-12T19:31:36.905979,576b5062-cfcf-4c1f-a025-2d8652692092,Brewin,5,14.84,Windows 10
2025-11-12T19:07:21.582073,576b5062-cfcf-4c1f-a025-2d8652692092,Brewin,5,14.86,Windows 10
2025-11-10T17:21:10.241739,36221ef3-e7f9-444f-85b9-779a091c1f92,Hybu,5,14.93,Windows 10
2025-11-12T17:22:43.267804,20fe798c-9b86-4ace-95da-a6ad69ec08d6,majolie,5,15.23,Windows 10
2025-11-10T18:21:04.145596,e542e120-a852-4036-9cb7-c1c7313828e9,caio,5,15.25,Windows 10
2025-11-13T13:49:18.810581,119d2156-3f98-4786-a5a6-42a640090b3e,Thien My,5,15.27,Windows 10
2025-11-10T18:29:06.800845,e542e120-a852-4036-9cb7-c1c7313828e9,caio,5,15.35,Windows 10
2025-11-12T17:58:16.997705,20fe798c-9b86-4ace-95da-a6ad69ec08d6,majolie,5,15.36,Windows 10
2025-11-12T12:47:23.317262,f853208f-7d6e-4f72-b865-10fff6fb972b,ioannis,5,15.73,Windows 10
2025-11-12T14:49:30.221591,5c4788a6-5972-4deb-b54a-cf2c7487bc41,ioannis,5,15.78,Windows 10
2025-11-12T14:48:52.525601,5c4788a6-5972-4deb-b54a-cf2c7487bc41,ioannis,5,15.89,Windows 10
2025-11-12T12:48:11.782031,f853208f-7d6e-4f72-b865-10fff6fb972b,ioannis,5,16,Windows 10
2025-11-11T23:52:59.861670,199de846-05a0-4168-83d0-056b1902c9bf,paola,5,16.28,Windows 10
2025-11-10T18:07:35.730413,4343afba-0635-4419-b96f-78284287efc6,username,5,16.33,Windows 10
2025-11-10T17:25:03.479049,4343afba-0635-4419-b96f-78284287efc6,username,5,16.45,Windows 10
2025-11-10T18:22:03.615625,0cced348-f144-4ad7-8f01-0e1a0f5a3d38,An,5,16.55,Windows 10
2025-11-10T18:20:35.175970,cd39e1fa-c6ff-45eb-9ebe-80b7d4d85be1,gnauQ,5,16.65,Windows 10
2025-11-10T17:57:25.354393,0cced348-f144-4ad7-8f01-0e1a0f5a3d38,An,5,16.82,Windows 10
2025-11-12T14:27:00.398713,42d8b935-e9ed-491e-8bb4-c761ccbad120,ioannis,5,16.83,Windows 10
2025-11-10T17:59:0250305,e9d7993f-1981-4cbc-bf78-e7d0dcc0bb8f,Marlon,5,16.89,Windows 10
2025-11-10T18:40:0574767,a3b9beef-0c26-4f1c-b837-44a3c5d15e70,mille,5,16.96,Windows 10
2025-11-10T17:23:03.218012,4343afba-0635-4419-b96f-78284287efc6,username,5,17,Windows 10
2025-11-11T23:47:48.880771,199de846-05a0-4168-83d0-056b1902c9bf,paola,5,17.17,Windows 10
2025-11-12T19:45:32.638529,576b5062-cfcf-4c1f-a025-2d8652692092,Brewin,5,17.25,Windows 10
2025-11-10T18:26:56.739307,e542e120-a852-4036-9cb7-c1c7313828e9,caio,5,17.38,Windows 10
2025-11-10T18:38:19.536234,e542e120-a852-4036-9cb7-c1c7313828e9,caio,4,13.23,Windows 10
2025-11-12T14:38:1067593,5c4788a6-5972-4deb-b54a-cf2c7487bc41,ioannis,4,13.24,Windows 10
2025-11-10T17:56:2389213,e9d7993f-1981-4cbc-bf78-e7d0dcc0bb8f,Marlon,4,13.52,Windows 10
2025-11-11T23:23:13.197830,199de846-05a0-4168-83d0-056b1902c9bf,paola,4,13.82,Windows 10
2025-11-11T23:31:12.918070,199de846-05a0-4168-83d0-056b1902c9bf,paola,4,14.27,Windows 10
2025-11-10T17:33:06.684185,4343afba-0635-4419-b96f-78284287efc6,username,4,14.44,Windows 10
2025-11-10T18:31:40.104174,e542e120-a852-4036-9cb7-c1c7313828e9,caio,4,14.54,Windows 10
2025-11-10T18:05:35.162967,35fd0a80-a5f2-4146-824e-5d6b08060828,Max_Ferchland,4,14.56,Windows 10
2025-11-10T17:55:21.621712,e9d7993f-1981-4cbc-bf78-e7d0dcc0bb8f,Marlon,4,14.58,Windows 10
2025-11-12T17:42:1223471,20fe798c-9b86-4ace-95da-a6ad69ec08d6,majolie,4,14.59,Windows 10
2025-11-11T23:42:02.430180,199de846-05a0-4168-83d0-056b1902c9bf,paola,4,14.64,Windows 10
2025-11-12T19:58:07.347523,b1c8a42f-0593-4119-bd77-a407a94c9f59,Aliya,4,14.69,Windows 10
2025-11-12T19:45:38.901792,b1c8a42f-0593-4119-bd77-a407a94c9f59,Aliya,4,14.97,Windows 10
2025-11-10T17:25:18.798414,4343afba-0635-4419-b96f-78284287efc6,username,2,10,Windows 10
2025-11-12T17:57:51.283590,20fe798c-9b86-4ace-95da-a6ad69ec08d6,majolie,2,10,Windows 10
2025-11-12T12:47:06.696078,f853208f-7d6e-4f72-b865-10fff6fb972b,ioannis,0,0.49,Windows 10
2025-11-10T17:33:2215934,a3b9beef-0c26-4f1c-b837-44a3c5d15e70,mille,0,0.67,Windows 10
2025-11-12T14:27:55.332035,36f53eaf-830a-456a-b959-bacbc2cea392,ioannis,0,0.68,Windows 10
2025-11-12T19:31:20.821011,576b5062-cfcf-4c1f-a025-2d8652692092,Brewin,0,0.68,Windows 10
2025-11-12T19:36:31.360110,576b5062-cfcf-4c1f-a025-2d8652692092,Brewin,0,0.68,Windows 10
2025-11-12T19:41:10.817949,576b5062-cfcf-4c1f-a025-2d8652692092,Brewin,0,0.68,Windows 10
2025-11-10T17:58:51.904809,a3b9beef-0c26-4f1c-b837-44a3c5d15e70,mille,0,0.68,Windows 10
2025-11-10T17:31:12.727021,4343afba-0635-4419-b96f-78284287efc6,username,0,0.68,Windows 10
2025-11-10T18:07:55.852857,0cced348-f144-4ad7-8f01-0e1a0f5a3d38,An,0,0.68,Windows 10
2025-11-13T14:09:47.112526,119d2156-3f98-4786-a5a6-42a640090b3e,Thien My,0,0.68,Windows 10
2025-11-13T14:13:30.399327,119d2156-3f98-4786-a5a6-42a640090b3e,Thien My,0,0.68,Windows 10
2025-11-10T18:13:27.619051,bd48d25e-f49a-4cdf-b5d3-9f921f3acb9a,caio,0,0.68,Windows 10
2025-11-12T12:46:55.944760,f853208f-7d6e-4f72-b865-10fff6fb972b,ioannis,0,0.69,Windows 10
2025-11-12T12:46:56.822046,f853208f-7d6e-4f72-b865-10fff6fb972b,ioannis,0,0.69,Windows 10
2025-11-12T12:46:57.594849,f853208f-7d6e-4f72-b865-10fff6fb972b,ioannis,0,0.69,Windows 10
2025-11-12T12:46:58.365254,f853208f-7d6e-4f72-b865-10fff6fb972b,ioannis,0,0.69,Windows 10
2025-11-12T12:46:59.134322,f853208f-7d6e-4f72-b865-10fff6fb972b,ioannis,0,0.69,Windows 10
2025-11-12T12:46:59.910709,f853208f-7d6e-4f72-b865-10fff6fb972b,ioannis,0,0.69,Windows 10
2025-11-12T12:47:00.685347,f853208f-7d6e-4f72-b865-10fff6fb972b,ioannis,0,0.69,Windows 10
2025-11-12T12:47:01.443434,f853208f-7d6e-4f72-b865-10fff6fb972b,ioannis,0,0.69,Windows 10
2025-11-12T12:47:02.250740,f853208f-7d6e-4f72-b865-10fff6fb972b,ioannis,0,0.69,Windows 10
2025-11-12T12:47:0307726,f853208f-7d6e-4f72-b865-10fff6fb972b,ioannis,0,0.69,Windows 10
2025-11-12T12:47:03.760909,f853208f-7d6e-4f72-b865-10fff6fb972b,ioannis,0,0.69,Windows 10
2025-11-12T12:47:04.502465,f853208f-7d6e-4f72-b865-10fff6fb972b,ioannis,0,0.69,Windows 10
2025-11-12T12:47:05.294144,f853208f-7d6e-4f72-b865-10fff6fb972b,ioannis,0,0.69,Windows 10
2025-11-12T12:47:24.436571,f853208f-7d6e-4f72-b865-10fff6fb972b,ioannis,0,0.69,Windows 10
2025-11-12T12:47:25.343580,f853208f-7d6e-4f72-b865-10fff6fb972b,ioannis,0,0.69,Windows 10
2025-11-12T12:47:26.146698,f853208f-7d6e-4f72-b865-10fff6fb972b,ioannis,0,0.69,Windows 10
2025-11-12T12:47:26.989857,f853208f-7d6e-4f72-b865-10fff6fb972b,ioannis,0,0.69,Windows 10
2025-11-12T12:47:43.705429,f853208f-7d6e-4f72-b865-10fff6fb972b,ioannis,0,0.69,Windows 10
2025-11-12T12:47:44.638170,f853208f-7d6e-4f72-b865-10fff6fb972b,ioannis,0,0.69,Windows 10
2025-11-12T12:47:45.414445,f853208f-7d6e-4f72-b865-10fff6fb972b,ioannis,0,0.69,Windows 10
2025-11-12T12:47:46.649904,f853208f-7d6e-4f72-b865-10fff6fb972b,ioannis,0,0.69,Windows 10
2025-11-12T12:47:47.504139,f853208f-7d6e-4f72-b865-10fff6fb972b,ioannis,0,0.69,Windows 10
2025-11-12T12:48:12.806354,f853208f-7d6e-4f72-b865-10fff6fb972b,ioannis,0,0.69,Windows 10
2025-11-12T12:48:15.117899,f853208f-7d6e-4f72-b865-10fff6fb972b,ioannis,0,0.69,Windows 10
2025-11-12T12:48:15.878142,f853208f-7d6e-4f72-b865-10fff6fb972b,ioannis,0,0.69,Windows 10
2025-11-12T14:37:21.385720,5c4788a6-5972-4deb-b54a-cf2c7487bc41,ioannis,0,0.69,Windows 10
2025-11-12T14:37:22.192663,5c4788a6-5972-4deb-b54a-cf2c7487bc41,ioannis,0,0.69,Windows 10
2025-11-12T14:37:22.985234,5c4788a6-5972-4deb-b54a-cf2c7487bc41,ioannis,0,0.69,Windows 10
2025-11-12T14:37:43.654535,5c4788a6-5972-4deb-b54a-cf2c7487bc41,ioannis,0,0.69,Windows 10
2025-11-12T14:37:44.542851,5c4788a6-5972-4deb-b54a-cf2c7487bc41,ioannis,0,0.69,Windows 10
2025-11-12T14:38:10.843902,5c4788a6-5972-4deb-b54a-cf2c7487bc41,ioannis,0,0.69,Windows 10
2025-11-12T14:38:11.777619,5c4788a6-5972-4deb-b54a-cf2c7487bc41,ioannis,0,0.69,Windows 10
2025-11-12T14:38:12.630324,5c4788a6-5972-4deb-b54a-cf2c7487bc41,ioannis,0,0.69,Windows 10
2025-11-12T14:38:13.401070,5c4788a6-5972-4deb-b54a-cf2c7487bc41,ioannis,0,0.69,Windows 10
2025-11-12T14:38:14.219778,5c4788a6-5972-4deb-b54a-cf2c7487bc41,ioannis,0,0.69,Windows 10
2025-11-12T14:38:1512290,5c4788a6-5972-4deb-b54a-cf2c7487bc41,ioannis,0,0.69,Windows 10
2025-11-12T14:38:15.837934,5c4788a6-5972-4deb-b54a-cf2c7487bc41,ioannis,0,0.69,Windows 10
2025-11-12T14:39:27.628325,5c4788a6-5972-4deb-b54a-cf2c7487bc41,ioannis,0,0.69,Windows 10
2025-11-12T14:39:28.366747,5c4788a6-5972-4deb-b54a-cf2c7487bc41,ioannis,0,0.69,Windows 10
2025-11-12T14:40:32.233832,5c4788a6-5972-4deb-b54a-cf2c7487bc41,ioannis,0,0.69,Windows 10
2025-11-12T14:43:29.252549,5c4788a6-5972-4deb-b54a-cf2c7487bc41,ioannis,0,0.69,Windows 10
2025-11-12T14:43:30.323790,5c4788a6-5972-4deb-b54a-cf2c7487bc41,ioannis,0,0.69,Windows 10
2025-11-12T14:43:3182971,5c4788a6-5972-4deb-b54a-cf2c7487bc41,ioannis,0,0.69,Windows 10
2025-11-12T14:43:45.690642,5c4788a6-5972-4deb-b54a-cf2c7487bc41,ioannis,0,0.69,Windows 10
2025-11-12T14:49:31.161449,5c4788a6-5972-4deb-b54a-cf2c7487bc41,ioannis,0,0.69,Windows 10
2025-11-12T14:49:3299115,5c4788a6-5972-4deb-b54a-cf2c7487bc41,ioannis,0,0.69,Windows 10
2025-11-12T19:21:57.777745,576b5062-cfcf-4c1f-a025-2d8652692092,Brewin,0,0.69,Windows 10
2025-11-10T18:05:18.297886,e9d7993f-1981-4cbc-bf78-e7d0dcc0bb8f,Marlon,0,0.69,Windows 10
2025-11-10T22:11:19.453417,807b725a-31eb-463a-af98-216fb05db3ed,isbll,0,0.69,Windows 10
2025-11-12T23:08:19.108689,6c204d79-a002-4514-9200-f629b26fee21,isbll,0,0.69,Windows 10
2025-11-10T18:27:53.632197,4343afba-0635-4419-b96f-78284287efc6,username,0,0.69,Windows 10
2025-11-12T18:50:41.590581,f21ca758-b040-4805-bb51-c828345d6a69,Mandy,0,0.69,Windows 10
2025-11-12T18:55:37.455792,f21ca758-b040-4805-bb51-c828345d6a69,Mandy,0,0.69,Windows 10
2025-11-10T18:27:23.178938,0cced348-f144-4ad7-8f01-0e1a0f5a3d38,An,0,0.69,Windows 10
2025-11-10T18:35:48.637064,acc710e6-f621-46c5-8d17-878643a5e24e,An,0,0.69,Windows 10
2025-11-13T14:04:18.627955,119d2156-3f98-4786-a5a6-42a640090b3e,Thien My,0,0.69,Windows 10
2025-11-10T18:29:37.372654,e542e120-a852-4036-9cb7-c1c7313828e9,caio,0,0.69,Windows 10
2025-11-10T18:39:34.637990,e542e120-a852-4036-9cb7-c1c7313828e9,caio,0,0.69,Windows 10
2025-11-12T19:53:47.662032,b1c8a42f-0593-4119-bd77-a407a94c9f59,Aliya,0,0.69,Windows 10
2025-11-12T20:02:18.395817,b1c8a42f-0593-4119-bd77-a407a94c9f59,Aliya,0,0.69,Windows 10
2025-11-10T18:05:48.215790,ff52b282-2552-49b4-b2e0-5af2f50b5b08,aje,0,0.7,Windows 10
2025-11-12T12:47:07.491720,f853208f-7d6e-4f72-b865-10fff6fb972b,ioannis,0,0.7,Windows 10
2025-11-12T12:48:13.583736,f853208f-7d6e-4f72-b865-10fff6fb972b,ioannis,0,0.7,Windows 10
2025-11-12T12:48:14.345674,f853208f-7d6e-4f72-b865-10fff6fb972b,ioannis,0,0.7,Windows 10
2025-11-12T14:37:23.827852,5c4788a6-5972-4deb-b54a-cf2c7487bc41,ioannis,0,0.7,Windows 10
2025-11-12T14:37:45.402995,5c4788a6-5972-4deb-b54a-cf2c7487bc41,ioannis,0,0.7,Windows 10
2025-11-12T14:39:26.871331,5c4788a6-5972-4deb-b54a-cf2c7487bc41,ioannis,0,0.7,Windows 10
2025-11-12T14:40:31.405667,5c4788a6-5972-4deb-b54a-cf2c7487bc41,ioannis,0,0.7,Windows 10
2025-11-12T14:52:22.153204,5c4788a6-5972-4deb-b54a-cf2c7487bc41,ioannis,0,0.7,Windows 10
2025-11-12T19:36:33.977487,576b5062-cfcf-4c1f-a025-2d8652692092,Brewin,0,0.7,Windows 10
2025-11-10T18:05:21.153745,e9d7993f-1981-4cbc-bf78-e7d0dcc0bb8f,Marlon,0,0.7,Windows 10
2025-11-12T19:03:36.168023,f21ca758-b040-4805-bb51-c828345d6a69,Mandy,0,0.7,Windows 10
2025-11-13T13:52:54.438706,119d2156-3f98-4786-a5a6-42a640090b3e,Thien My,0,0.7,Windows 10
2025-11-12T12:49:55.425074,be3626e4-97b6-43ee-9929-10e10e1e942f,ioannis,0,0.79,Windows 10
2025-11-12T14:26:34.961501,42d8b935-e9ed-491e-8bb4-c761ccbad120,ioannis,0,0.79,Windows 10
2025-11-12T14:35:47.500121,5c4788a6-5972-4deb-b54a-cf2c7487bc41,ioannis,0,0.81,Windows 10
2025-11-12T12:47:06.201957,f853208f-7d6e-4f72-b865-10fff6fb972b,ioannis,0,0.87,Windows 10
2025-11-12T19:45:14.275156,b1c8a42f-0593-4119-bd77-a407a94c9f59,Aliya,0,0.88,Windows 10
2025-11-12T19:37:43.396951,88bf22da-ae54-4bcd-9a3a-d47892f1d457,Aliya,0,0.89,Windows 10
2025-11-12T12:44:49.909301,f853208f-7d6e-4f72-b865-10fff6fb972b,ioannis,0,0.9,Windows 10
2025-11-10T17:30:56.142416,affe2b91-bf58-4347-b2d7-021b975f39d0,gnauQ,0,0.92,Windows 10
2025-11-10T18:31:33.752410,acc710e6-f621-46c5-8d17-878643a5e24e,An,0,0.92,Windows 10
2025-11-12T13:43:42.570417,61694c1e-55f3-435f-8278-80cdf503efc3,Danial,0,0.92,Windows 10
2025-11-10T17:36:08.696508,e7b21c0d-0536-4dd3-af0d-16ed770ce275,An,0,0.94,Windows 10
2025-11-10T17:40:55.650526,bdf5ff55-113f-4a97-a23d-38ba71b6ce27,Max_Ferchland,0,0.94,Windows 10
2025-11-10T17:33:16.467778,a3b9beef-0c26-4f1c-b837-44a3c5d15e70,mille,0,0.96,Windows 10
2025-11-10T17:30:38.781988,be648dce-7a80-4a18-953f-0fc2dc428465,gnauQ,0,0.96,Windows 10
2025-11-12T17:17:22.487652,20fe798c-9b86-4ace-95da-a6ad69ec08d6,majolie,0,0.97,Windows 10
2025-11-10T17:25:54.465573,56403231-fb37-4655-a722-e2e948eed2cc,gnauQ,0,0.99,Windows 10
2025-11-12T19:59:00.788122,b1c8a42f-0593-4119-bd77-a407a94c9f59,Aliya,0,3,Windows 10
